   3.8000000e+00
   1.9000000e+00
   1.0000000e-01
   4.0000000e+00
   2.0000000e-01
   0.0000000e+00
   1.3000000e+00
   5.1000000e+00
   6.1000000e+00
   0.0000000e+00
   0.0000000e+00
   0.0000000e+00
   4.0000000e-01
   1.0000000e-01
   0.0000000e+00
   1.7700000e+01
   0.0000000e+00
   0.0000000e+00
   0.0000000e+00
   1.5000000e+00
   1.7000000e+00
   0.0000000e+00
   0.0000000e+00
   0.0000000e+00
   7.5000000e+00
   0.0000000e+00
   0.0000000e+00
   0.0000000e+00
   0.0000000e+00
   0.0000000e+00
   0.0000000e+00
   8.0000000e-01
   8.1000000e+00
   0.0000000e+00
   0.0000000e+00
   0.0000000e+00
   0.0000000e+00
   0.0000000e+00
   0.0000000e+00
   0.0000000e+00
   0.0000000e+00
   3.2000000e+00
   7.0000000e-01
   0.0000000e+00
   0.0000000e+00
   3.0000000e-01
   1.1900000e+01
   3.4000000e+00
   0.0000000e+00
   0.0000000e+00
   0.0000000e+00
   0.0000000e+00
   0.0000000e+00
   0.0000000e+00
   7.7000000e+00
   0.0000000e+00
   0.0000000e+00
   0.0000000e+00
   0.0000000e+00
   0.0000000e+00
   0.0000000e+00
   0.0000000e+00
   0.0000000e+00
   0.0000000e+00
   0.0000000e+00
   0.0000000e+00
   0.0000000e+00
   0.0000000e+00
   0.0000000e+00
   0.0000000e+00
   0.0000000e+00
   1.9000000e+00
   0.0000000e+00
   0.0000000e+00
   0.0000000e+00
   0.0000000e+00
   4.2000000e+00
   3.0000000e-01
   3.0000000e-01
   0.0000000e+00
   0.0000000e+00
   0.0000000e+00
   0.0000000e+00
   2.0000000e-01
   4.0000000e-01
   7.1000000e+00
   0.0000000e+00
   0.0000000e+00
   0.0000000e+00
   0.0000000e+00
   0.0000000e+00
   0.0000000e+00
   0.0000000e+00
   4.6000000e+00
   0.0000000e+00
   0.0000000e+00
   5.6000000e+00
   0.0000000e+00
   0.0000000e+00
   2.6000000e+00
   0.0000000e+00
   0.0000000e+00
   0.0000000e+00
   6.0000000e-01
   0.0000000e+00
   5.6000000e+00
   0.0000000e+00
   0.0000000e+00
   2.0000000e-01
   0.0000000e+00
   0.0000000e+00
   4.9000000e+00
   0.0000000e+00
   2.6000000e+00
   1.0000000e+00
   0.0000000e+00
   1.0300000e+01
   0.0000000e+00
   0.0000000e+00
   0.0000000e+00
   0.0000000e+00
   0.0000000e+00
   0.0000000e+00
   0.0000000e+00
   2.3000000e+00
   1.0000000e+00
   0.0000000e+00
   0.0000000e+00
   0.0000000e+00
   0.0000000e+00
   0.0000000e+00
   1.8000000e+00
   0.0000000e+00
   0.0000000e+00
   1.0000000e-01
   1.0700000e+01
   2.5000000e+01
   0.0000000e+00
   0.0000000e+00
   0.0000000e+00
   1.0000000e-01
   0.0000000e+00
   0.0000000e+00
   1.3000000e+00
   4.0000000e-01
   0.0000000e+00
   0.0000000e+00
   0.0000000e+00
   0.0000000e+00
   0.0000000e+00
   3.0000000e-01
   1.0000000e-01
   4.5000000e+00
   1.4000000e+00
   1.4000000e+00
   0.0000000e+00
   1.2000000e+00
